0 13 0 3
0 14 0 3
1 13 0 3
1 14 0 3
2 13 0 3
2 14 0 3
3 13 0 3
3 14 0 3
4 13 0 3
4 14 0 3
5 9 0 2
5 13 0 3
5 14 0 3
6 13 0 3
6 14 0 3
7 9 0 2
7 13 0 3
7 14 0 3
8 13 0 3
8 14 0 3
9 9 0 2
9 13 0 3
9 14 0 3
10 8 0 2
10 13 0 3
10 14 0 3
11 8 0 2
11 13 0 3
11 14 0 3
12 8 0 2
12 13 0 3
12 14 0 3
13 8 0 2
13 13 0 3
13 14 0 3
14 8 0 2
14 13 0 3
14 14 0 3
15 8 0 2
15 13 0 3
15 14 0 3
16 13 0 3
16 14 0 3
17 13 0 3
17 14 0 3
18 13 0 3
18 14 0 3
19 13 0 3
19 14 0 3
20 13 0 3
20 14 0 3
21 13 0 3
21 14 0 3
22 13 0 3
22 14 0 3
23 13 0 3
23 14 0 3
24 13 0 3
24 14 0 3
25 13 0 3
25 14 0 3
26 13 0 3
26 14 0 3
27 13 0 3
27 14 0 3
28 13 0 3
28 14 0 3
29 13 0 3
29 14 0 3
30 13 0 3
30 14 0 3
31 13 0 3
31 14 0 3
32 13 0 3
32 14 0 3
